0101000001000000
0000000001000010
0101000001000000
0110000001000000
0101000001000000
0110000001000000
0110000001000000
1111000001000000
0111000001000000
0111000001000000
0111000100000000
0111000100000000
0111001100000000
1010000001000000
1010000001000000
1010000001000000
1010001000000000
1010001000000000
1111000001000000
1111000010000000
1111000010000000
1111000010000000
1111000101000000
1111001100000000
1101000001000000
1101000001000000
1101000001000000
0100000000000000
0100000100101100
0100000000000010
0100000100101100
0100100000000000
1100000100000011
1100000100000011
0000000001000010
0000000001000010
0000000001000010
0000000001000010
0000000001000010
0000000001000010
0000000001000010
0000000001000010
0000000001000010
0000000001000010
0000000001000010
0000000001000010
0000000001000010
0000000001000010
0000000001000010
0000000001000010
0000000001000010
0000000001000010
0000000001000010
0000000001000010
0000000001000010
0000000001000010
0000000001000010
0000000001000010
0000000001000010
0000000001000010
0001000001000010
0000000001000010
0000000001000010
0000000001000010
0000000001000010
0000000001000010
0000000001000010
0000000001000010
0000000001000010
0000000001000010
0000001100000101
0001000001000010
0101000001000000
0101000001000000
0101000001000000
0101000001000000
0101000001000000
0101000001000000
0110000001000000
0111000001000000
0111000001000000
0111000001000000
0111001100000000
1000000001000000
1000000001000000
1001000101000000
0000000001000011
1101000001000000
1101000001000000
1101000001000000
1101000001000000
1101000001000000
1101000001000000
1101000001000000
0000000001000100
1101000001000000
1101000001000000
1101000001000000
1101000001000000
1101000001000000
1101000001000000
1101000001000000
1101000001000000
1110000001000000
1111000001000000
1111000001000000
1100000001000010
1100000001000010
1100000001000010
000001000010
1100000001000010
1100000001000010
1100000001000010
1100000001000010
0100000001000001
0100000000000101
0100000000101101
0011000001000011
1100000001000010
0000000101001000
1101000001000000
0000000001000010
0001000001000010
0000000001000010
0100000001001110
0100000001001110
0100000000101101
0100000000100010
0100000000101011
0100000001011001
0100000001011001
0100000000010111
0100000000100010
0100000000100010
0100000000000011
0100000000000100
0100000000000101
0100000000000101
0100000000000100
0100000000100010
0100000000100010
0100000001001110
0100001000110100
0100000000101110
0100000001001110
0100000000111000
0100000000101010
0100000110100111
0000000101000110
0000001001001010
0001000101001010
0010000101001011
0000000001000010
000001000010
0000000001000010
0000000001000010
0000000001000010
0000000001000010
0000000001000010
0000000001000010
1010000001000000
1010000001000000
1010000001000000
1010000001000000
0001000010000011
1010000001000000
0000000001000010
1010000101000000
1010000001000000
1010000001000000
1010000001000000
1010000001000000
1010000001000000
1010000001000000
1010000001000000
1010000001000000
0001000101000110
1010000001000000
1010000001000000
1010000001000000
1010000001000000
1010000001000000
1010000001000000
